50
552
21
502
1
251
520
502
515
21
10
200
512
210
501
225
215
152
100
15
205
510
150
111
501
12
102
521
212
210
12
521
501
255
200
525
515
0
250
525
1
0
121
200
50
522
251
10
215
500
211
205
111
551
11
500
520
22
212
12
225
121
150
520
501
121
212
50
51
55
20
215
220
122
122
120
120
202
101
512
50
522
112
511
205
12
520
52
522
250
225
10
521
225
12
255
225
501
511
1
55
202
251
1
151
120
225
100
220
211
150
5
55
555
105
1
25
155
50
110
512
5
21
111
211
22
211
55
222
0
220
201
555
152
2
10
505
500
111
20
220
525
102
221
125
511
512
125
222
210
120
125
552
250
220
102
202
205
101
215
502
205
552
155
212
5
22
222
510
111
100
15
151
250
111
201
112
515
215
25
122
11
252
525
100
12
215
5
251
2
102
250
505
215
151
555
101
510
221
0
0
155
15
511
15
212
222
21
0
150
522
520
250
21
505
225
125
52
500
222
501
555
111
252
252
200
255
20
222
151
15
51
255
50
20
510
512
501
555
125
20
225
215
205
522
212
211
12
152
102
50
51
210
11
225
25
251
201
0
151
21
115
11
51
121
10
525
105
105
210
210
550
151
505
12
55
12
101
211
251
205
155
512
55
22
512
11
121
515
1
22
501
121
111
222
101
100
105
212
502
511
222
150
1
121
100
525
122
215
22
155
121
210
22
210
0
25
125
122
501
555
21
201
220
152
5
21
100
551
222
250
121
12
55
525
52
5
521
552
252
20
551
252
250
0
551
212
250
211
501
521
511
255
150
111
510
122
125
205
110
515
105
502
50
552
221
512
122
522
211
555
205
105
151
250
222
10
551
550
52
522
551
55
515
2
255
555
122
12
250
512
50
20
55
550
552
122
250
102
222
222
121
512
1
520
115
550
102
525
112
22
100
100
212
51
202
102
555
210
0
151
50
122
111
20
205
512
202
501
21
252
151
11
500
1
505
510
515
112
205
551
105
0
150
120
122
20
525
212
202
502
552
111
11
552
105
25
521
10
251
25
152
0
100
110
25
100
552
211
2
121
0
110
22
252
5
550
100
502
1
510
110
202
120
222
211
221
51
1
100
50
551
110
120
152
101
220
15
552
512
515
502
52
200
221
522
255
11
52
250
222
221
100
505
1
250
11
100
210
150
202
51
105
521
121
255
501
212
521
22
125
505
1
210
10
525
5
202
50
122
551
112
550
21
2
0
11
52
251
202
155
252
225
501
510
102
120
101
12
512
152
5
20
515
510
210
202
110
550
22
225
515
525
102
251
505
555
225
51
502
205
515
205
150
220
1
501
500
555
511
10
22
502
5
1
50
110
205
511
150
150
15
255
102
502
251
125
222
5
251
15
501
50
510
220
5
212
102
5
115
221
202
502
211
555
520
515
255
515
100
550
21
255
110
521
505
200
121
125
105
552
221
205
552
111
505
122
525
252
115
202
522
21
522
102
220
1
201
510
250
10
15
0
505
11
102
521
120
521
105
111
111
200
220
125
122
550
50
220
515
50
50
501
110
11
552
222
555
555
51
22
551
505
120
120
515
550
12
122
552
551
210
225
211
50
15
5
500
505
120
220
222
25
52
10
501
201
102
555
201
22
151
51
21
112
250
122
11
151
510
522
551
552
121
20
25
221
555
115
520
202
22
500
51
11
210
0
505
155
11
0
551
522
0
105
200
512
52
25
115
55
11
555
1
2
155
105
110
522
122
255
512
501
512
151
511
0
5
155
220
252
251
210
501
11
225
50
520
510
202
521
215
500
500
225
51
111
222
501
511
51
25
55
10
12
515
522
20
522
2
115
202
225
5
215
500
110
505
122
212
122
105
521
111
220
20
201
151
225
105
25
550
550
125
525
212
501
555
200
522
551
101
212
501
252
220
252
212
520
0
21
550
2
520
205
55
15
110
51
521
222
112
20
100
20
10
515
110
121
51
10
112
121
155
152
521
555
112
51
550
122
25
5
250
225
121
52
525
151
225
150
202
151
205
15
250
112
201
525
500
520
101
201
515
102
5
125
101
205
251
102
15
500
211
510
511
215
215
220
551
202
551
100
120
22
512
22
500
505
552
1
211
2
52
520
50
210
522
55
501
251
500
10
255
200
225
550
121
11
222
505
25
511
105
11
251
520
500
125
1
125
552
221
101
550
501
515
520
25
25
12
212
211
521
111
50
151
2
512
0
120
211
110
505
200
505
202
110
515
115
55
10
102
5
501
20
201
502
55
51
