Total Weight: 780 kg
Total Profit: 1036

Stars to visit:
Star A Weight: 43 kg, Profit: 43
Star B Weight: 63 kg, Profit: 60
Star C Weight: 73 kg, Profit: 67
Star D Weight: 63 kg, Profit: 76
Star E Weight: 43 kg, Profit: 67
Star F Weight: 4 kg, Profit: 46
Star G Weight: 63 kg, Profit: 63
Star H Weight: 67 kg, Profit: 43
Star I Weight: 7 kg, Profit: 6
Star J Weight: 67 kg, Profit: 76
Star K Weight: 64 kg, Profit: 33
Star L Weight: 43 kg, Profit: 73
Star M Weight: 7 kg, Profit: 6
Star N Weight: 34 kg, Profit: 40
Star O Weight: 0 kg, Profit: 64
Star P Weight: 36 kg, Profit: 30
Star Q Weight: 4 kg, Profit: 74
Star R Weight: 33 kg, Profit: 46
Star S Weight: 66 kg, Profit: 47
Star T Weight: 0 kg, Profit: 76

Dynamic programming table:
        0    1    2    3    4    5    6    7    8    9   10   11   12   13   14   15   16   17   18   19   20   21   22   23   24   25   26   27   28   29   30   31   32   33   34   35   36   37   38   39   40   41   42   43   44   45   46   47   48   49   50   51   52   53   54   55   56   57   58   59   60   61   62   63   64   65   66   67   68   69   70   71   72   73   74   75   76   77   78   79   80   81   82   83   84   85   86   87   88   89   90   91   92   93   94   95   96   97   98   99  100  101  102  103  104  105  106  107  108  109  110  111  112  113  114  115  116  117  118  119  120  121  122  123  124  125  126  127  128  129  130  131  132  133  134  135  136  137  138  139  140  141  142  143  144  145  146  147  148  149  150  151  152  153  154  155  156  157  158  159  160  161  162  163  164  165  166  167  168  169  170  171  172  173  174  175  176  177  178  179  180  181  182  183  184  185  186  187  188  189  190  191  192  193  194  195  196  197  198  199  200  201  202  203  204  205  206  207  208  209  210  211  212  213  214  215  216  217  218  219  220  221  222  223  224  225  226  227  228  229  230  231  232  233  234  235  236  237  238  239  240  241  242  243  244  245  246  247  248  249  250  251  252  253  254  255  256  257  258  259  260  261  262  263  264  265  266  267  268  269  270  271  272  273  274  275  276  277  278  279  280  281  282  283  284  285  286  287  288  289  290  291  292  293  294  295  296  297  298  299  300  301  302  303  304  305  306  307  308  309  310  311  312  313  314  315  316  317  318  319  320  321  322  323  324  325  326  327  328  329  330  331  332  333  334  335  336  337  338  339  340  341  342  343  344  345  346  347  348  349  350  351  352  353  354  355  356  357  358  359  360  361  362  363  364  365  366  367  368  369  370  371  372  373  374  375  376  377  378  379  380  381  382  383  384  385  386  387  388  389  390  391  392  393  394  395  396  397  398  399  400  401  402  403  404  405  406  407  408  409  410  411  412  413  414  415  416  417  418  419  420  421  422  423  424  425  426  427  428  429  430  431  432  433  434  435  436  437  438  439  440  441  442  443  444  445  446  447  448  449  450  451  452  453  454  455  456  457  458  459  460  461  462  463  464  465  466  467  468  469  470  471  472  473  474  475  476  477  478  479  480  481  482  483  484  485  486  487  488  489  490  491  492  493  494  495  496  497  498  499  500  501  502  503  504  505  506  507  508  509  510  511  512  513  514  515  516  517  518  519  520  521  522  523  524  525  526  527  528  529  530  531  532  533  534  535  536  537  538  539  540  541  542  543  544  545  546  547  548  549  550  551  552  553  554  555  556  557  558  559  560  561  562  563  564  565  566  567  568  569  570  571  572  573  574  575  576  577  578  579  580  581  582  583  584  585  586  587  588  589  590  591  592  593  594  595  596  597  598  599  600  601  602  603  604  605  606  607  608  609  610  611  612  613  614  615  616  617  618  619  620  621  622  623  624  625  626  627  628  629  630  631  632  633  634  635  636  637  638  639  640  641  642  643  644  645  646  647  648  649  650  651  652  653  654  655  656  657  658  659  660  661  662  663  664  665  666  667  668  669  670  671  672  673  674  675  676  677  678  679  680  681  682  683  684  685  686  687  688  689  690  691  692  693  694  695  696  697  698  699  700  701  702  703  704  705  706  707  708  709  710  711  712  713  714  715  716  717  718  719  720  721  722  723  724  725  726  727  728  729  730  731  732  733  734  735  736  737  738  739  740  741  742  743  744  745  746  747  748  749  750  751  752  753  754  755  756  757  758  759  760  761  762  763  764  765  766  767  768  769  770  771  772  773  774  775  776  777  778  779  780  781  782  783  784  785  786  787  788  789  790  791  792  793  794  795  796  797  798  799  800 
   0    0    0    0    0    0    0    0    0    0    0    0    0    0    0    0    0    0    0    0    0    0    0    0    0    0    0    0    0    0    0    0    0    0    0    0    0    0    0    0    0    0    0    0    0    0    0    0    0    0    0    0    0    0    0    0    0    0    0    0    0    0    0    0    0    0    0    0    0    0    0    0    0    0    0    0    0    0    0    0    0    0    0    0    0    0    0    0    0    0    0    0    0    0    0    0    0    0    0    0    0    0    0    0    0    0    0    0    0    0    0    0    0    0    0    0    0    0    0    0    0    0    0    0    0    0    0    0    0    0    0    0    0    0    0    0    0    0    0    0    0    0    0    0    0    0    0    0    0    0    0    0    0    0    0    0    0    0    0    0    0    0    0    0    0    0    0    0    0    0    0    0    0    0    0    0    0    0    0    0    0    0    0    0    0    0    0    0    0    0    0    0    0    0    0    0    0    0    0    0    0    0    0    0    0    0    0    0    0    0    0    0    0    0    0    0    0    0    0    0    0    0    0    0    0    0    0    0    0    0    0    0    0    0    0    0    0    0    0    0    0    0    0    0    0    0    0    0    0    0    0    0    0    0    0    0    0    0    0    0    0    0    0    0    0    0    0    0    0    0    0    0    0    0    0    0    0    0    0    0    0    0    0    0    0    0    0    0    0    0    0    0    0    0    0    0    0    0    0    0    0    0    0    0    0    0    0    0    0    0    0    0    0    0    0    0    0    0    0    0    0    0    0    0    0    0    0    0    0    0    0    0    0    0    0    0    0    0    0    0    0    0    0    0    0    0    0    0    0    0    0    0    0    0    0    0    0    0    0    0    0    0    0    0    0    0    0    0    0    0    0    0    0    0    0    0    0    0    0    0    0    0    0    0    0    0    0    0    0    0    0    0    0    0    0    0    0    0    0    0    0    0    0    0    0    0    0    0    0    0    0    0    0    0    0    0    0    0    0    0    0    0    0    0    0    0    0    0    0    0    0    0    0    0    0    0    0    0    0    0    0    0    0    0    0    0    0    0    0    0    0    0    0    0    0    0    0    0    0    0    0    0    0    0    0    0    0    0    0    0    0    0    0    0    0    0    0    0    0    0    0    0    0    0    0    0    0    0    0    0    0    0    0    0    0    0    0    0    0    0    0    0    0    0    0    0    0    0    0    0    0    0    0    0    0    0    0    0    0    0    0    0    0    0    0    0    0    0    0    0    0    0    0    0    0    0    0    0    0    0    0    0    0    0    0    0    0    0    0    0    0    0    0    0    0    0    0    0    0    0    0    0    0    0    0    0    0    0    0    0    0    0    0    0    0    0    0    0    0    0    0    0    0    0    0    0    0    0    0    0    0    0    0    0    0    0    0    0    0    0    0    0    0    0    0    0    0    0    0    0    0    0    0    0    0    0    0    0    0    0    0    0    0    0    0    0    0    0    0    0    0    0    0    0    0    0    0    0    0    0    0    0    0    0    0    0    0    0    0    0    0    0    0    0    0    0    0    0    0    0    0    0    0    0    0    0    0    0    0    0    0    0    0    0    0    0    0    0    0    0    0    0    0    0    0    0    0    0    0    0    0    0    0    0    0    0    0    0    0    0    0    0    0    0    0    0    0    0    0    0    0    0    0    0    0    0    0    0    0    0    0    0    0    0    0    0    0    0    0    0    0    0    0    0    0    0    0    0    0    0    0    0    0    0    0    0    0    0    0    0    0    0    0    0    0    0    0    0    0    0    0    0    0    0    0    0    0    0    0    0    0    0    0    0    0    0    0    0    0    0    0    0    0    0    0    0    0    0    0    0    0    0    0    0    0    0    0    0    0    0    0    0 
   1    0    0    0    0    0    0    0    0    0    0    0    0    0    0    0    0    0    0    0    0    0    0    0    0    0    0    0    0    0    0    0    0    0    0    0    0    0    0    0    0    0    0    0   43   43   43   43   43   43   43   43   43   43   43   43   43   43   43   43   43   43   43   43   43   43   43   43   43   43   43   43   43   43   43   43   43   43   43   43   43   43   43   43   43   43   43   43   43   43   43   43   43   43   43   43   43   43   43   43   43   43   43   43   43   43   43   43   43   43   43   43   43   43   43   43   43   43   43   43   43   43   43   43   43   43   43   43   43   43   43   43   43   43   43   43   43   43   43   43   43   43   43   43   43   43   43   43   43   43   43   43   43   43   43   43   43   43   43   43   43   43   43   43   43   43   43   43   43   43   43   43   43   43   43   43   43   43   43   43   43   43   43   43   43   43   43   43   43   43   43   43   43   43   43   43   43   43   43   43   43   43   43   43   43   43   43   43   43   43   43   43   43   43   43   43   43   43   43   43   43   43   43   43   43   43   43   43   43   43   43   43   43   43   43   43   43   43   43   43   43   43   43   43   43   43   43   43   43   43   43   43   43   43   43   43   43   43   43   43   43   43   43   43   43   43   43   43   43   43   43   43   43   43   43   43   43   43   43   43   43   43   43   43   43   43   43   43   43   43   43   43   43   43   43   43   43   43   43   43   43   43   43   43   43   43   43   43   43   43   43   43   43   43   43   43   43   43   43   43   43   43   43   43   43   43   43   43   43   43   43   43   43   43   43   43   43   43   43   43   43   43   43   43   43   43   43   43   43   43   43   43   43   43   43   43   43   43   43   43   43   43   43   43   43   43   43   43   43   43   43   43   43   43   43   43   43   43   43   43   43   43   43   43   43   43   43   43   43   43   43   43   43   43   43   43   43   43   43   43   43   43   43   43   43   43   43   43   43   43   43   43   43   43   43   43   43   43   43   43   43   43   43   43   43   43   43   43   43   43   43   43   43   43   43   43   43   43   43   43   43   43   43   43   43   43   43   43   43   43   43   43   43   43   43   43   43   43   43   43   43   43   43   43   43   43   43   43   43   43   43   43   43   43   43   43   43   43   43   43   43   43   43   43   43   43   43   43   43   43   43   43   43   43   43   43   43   43   43   43   43   43   43   43   43   43   43   43   43   43   43   43   43   43   43   43   43   43   43   43   43   43   43   43   43   43   43   43   43   43   43   43   43   43   43   43   43   43   43   43   43   43   43   43   43   43   43   43   43   43   43   43   43   43   43   43   43   43   43   43   43   43   43   43   43   43   43   43   43   43   43   43   43   43   43   43   43   43   43   43   43   43   43   43   43   43   43   43   43   43   43   43   43   43   43   43   43   43   43   43   43   43   43   43   43   43   43   43   43   43   43   43   43   43   43   43   43   43   43   43   43   43   43   43   43   43   43   43   43   43   43   43   43   43   43   43   43   43   43   43   43   43   43   43   43   43   43   43   43   43   43   43   43   43   43   43   43   43   43   43   43   43   43   43   43   43   43   43   43   43   43   43   43   43   43   43   43   43   43   43   43   43   43   43   43   43   43   43   43   43   43   43   43   43   43   43   43   43   43   43   43   43   43   43   43   43   43   43   43   43   43   43   43   43   43   43   43   43   43   43   43   43   43   43   43   43   43   43   43   43   43   43   43   43   43   43   43   43   43   43   43   43   43   43   43   43   43   43   43   43   43   43   43   43   43   43   43   43   43   43   43   43   43   43   43   43   43   43   43   43   43   43   43   43   43   43   43   43   43   43   43   43   43   43   43   43   43   43   43   43   43   43   43   43   43   43   43   43   43   43   43   43 
   2    0    0    0    0    0    0    0    0    0    0    0    0    0    0    0    0    0    0    0    0    0    0    0    0    0    0    0    0    0    0    0    0    0    0    0    0    0    0    0    0    0    0    0   43   43   43   43   43   43   43   43   43   43   43   43   43   43   43   43   43   43   43   43   60   60   60   60   60   60   60   60   60   60   60   60   60   60   60   60   60   60   60   60   60   60   60   60   60   60   60   60   60   60   60   60   60   60   60   60   60   60   60   60   60   60   60  103  103  103  103  103  103  103  103  103  103  103  103  103  103  103  103  103  103  103  103  103  103  103  103  103  103  103  103  103  103  103  103  103  103  103  103  103  103  103  103  103  103  103  103  103  103  103  103  103  103  103  103  103  103  103  103  103  103  103  103  103  103  103  103  103  103  103  103  103  103  103  103  103  103  103  103  103  103  103  103  103  103  103  103  103  103  103  103  103  103  103  103  103  103  103  103  103  103  103  103  103  103  103  103  103  103  103  103  103  103  103  103  103  103  103  103  103  103  103  103  103  103  103  103  103  103  103  103  103  103  103  103  103  103  103  103  103  103  103  103  103  103  103  103  103  103  103  103  103  103  103  103  103  103  103  103  103  103  103  103  103  103  103  103  103  103  103  103  103  103  103  103  103  103  103  103  103  103  103  103  103  103  103  103  103  103  103  103  103  103  103  103  103  103  103  103  103  103  103  103  103  103  103  103  103  103  103  103  103  103  103  103  103  103  103  103  103  103  103  103  103  103  103  103  103  103  103  103  103  103  103  103  103  103  103  103  103  103  103  103  103  103  103  103  103  103  103  103  103  103  103  103  103  103  103  103  103  103  103  103  103  103  103  103  103  103  103  103  103  103  103  103  103  103  103  103  103  103  103  103  103  103  103  103  103  103  103  103  103  103  103  103  103  103  103  103  103  103  103  103  103  103  103  103  103  103  103  103  103  103  103  103  103  103  103  103  103  103  103  103  103  103  103  103  103  103  103  103  103  103  103  103  103  103  103  103  103  103  103  103  103  103  103  103  103  103  103  103  103  103  103  103  103  103  103  103  103  103  103  103  103  103  103  103  103  103  103  103  103  103  103  103  103  103  103  103  103  103  103  103  103  103  103  103  103  103  103  103  103  103  103  103  103  103  103  103  103  103  103  103  103  103  103  103  103  103  103  103  103  103  103  103  103  103  103  103  103  103  103  103  103  103  103  103  103  103  103  103  103  103  103  103  103  103  103  103  103  103  103  103  103  103  103  103  103  103  103  103  103  103  103  103  103  103  103  103  103  103  103  103  103  103  103  103  103  103  103  103  103  103  103  103  103  103  103  103  103  103  103  103  103  103  103  103  103  103  103  103  103  103  103  103  103  103  103  103  103  103  103  103  103  103  103  103  103  103  103  103  103  103  103  103  103  103  103  103  103  103  103  103  103  103  103  103  103  103  103  103  103  103  103  103  103  103  103  103  103  103  103  103  103  103  103  103  103  103  103  103  103  103  103  103  103  103  103  103  103  103  103  103  103  103  103  103  103  103  103  103  103  103  103  103  103  103  103  103  103  103  103  103  103  103  103  103  103  103  103  103  103  103  103  103  103  103  103  103  103  103  103  103  103  103  103  103  103  103  103  103  103  103  103  103  103  103  103  103  103  103  103  103  103  103  103  103  103  103  103  103  103  103  103  103  103  103  103  103  103  103  103  103  103  103  103  103  103  103  103  103  103  103  103  103  103  103  103  103  103  103  103  103  103  103  103  103  103  103  103  103  103  103  103  103  103  103  103  103  103  103  103  103  103  103  103  103  103  103  103  103  103  103  103  103  103  103  103 
   3    0    0    0    0    0    0    0    0    0    0    0    0    0    0    0    0    0    0    0    0    0    0    0    0    0    0    0    0    0    0    0    0    0    0    0    0    0    0    0    0    0    0    0   43   43   43   43   43   43   43   43   43   43   43   43   43   43   43   43   43   43   43   43   60   60   60   60   60   60   60   60   60   60   67   67   67   67   67   67   67   67   67   67   67   67   67   67   67   67   67   67   67   67   67   67   67   67   67   67   67   67   67   67   67   67   67  103  103  103  103  103  103  103  103  103  103  110  110  110  110  110  110  110  110  110  110  110  110  110  110  110  110  110  110  110  110  127  127  127  127  127  127  127  127  127  127  127  127  127  127  127  127  127  127  127  127  127  127  127  127  127  127  127  127  127  127  127  127  127  127  127  127  127  127  127  127  127  127  127  170  170  170  170  170  170  170  170  170  170  170  170  170  170  170  170  170  170  170  170  170  170  170  170  170  170  170  170  170  170  170  170  170  170  170  170  170  170  170  170  170  170  170  170  170  170  170  170  170  170  170  170  170  170  170  170  170  170  170  170  170  170  170  170  170  170  170  170  170  170  170  170  170  170  170  170  170  170  170  170  170  170  170  170  170  170  170  170  170  170  170  170  170  170  170  170  170  170  170  170  170  170  170  170  170  170  170  170  170  170  170  170  170  170  170  170  170  170  170  170  170  170  170  170  170  170  170  170  170  170  170  170  170  170  170  170  170  170  170  170  170  170  170  170  170  170  170  170  170  170  170  170  170  170  170  170  170  170  170  170  170  170  170  170  170  170  170  170  170  170  170  170  170  170  170  170  170  170  170  170  170  170  170  170  170  170  170  170  170  170  170  170  170  170  170  170  170  170  170  170  170  170  170  170  170  170  170  170  170  170  170  170  170  170  170  170  170  170  170  170  170  170  170  170  170  170  170  170  170  170  170  170  170  170  170  170  170  170  170  170  170  170  170  170  170  170  170  170  170  170  170  170  170  170  170  170  170  170  170  170  170  170  170  170  170  170  170  170  170  170  170  170  170  170  170  170  170  170  170  170  170  170  170  170  170  170  170  170  170  170  170  170  170  170  170  170  170  170  170  170  170  170  170  170  170  170  170  170  170  170  170  170  170  170  170  170  170  170  170  170  170  170  170  170  170  170  170  170  170  170  170  170  170  170  170  170  170  170  170  170  170  170  170  170  170  170  170  170  170  170  170  170  170  170  170  170  170  170  170  170  170  170  170  170  170  170  170  170  170  170  170  170  170  170  170  170  170  170  170  170  170  170  170  170  170  170  170  170  170  170  170  170  170  170  170  170  170  170  170  170  170  170  170  170  170  170  170  170  170  170  170  170  170  170  170  170  170  170  170  170  170  170  170  170  170  170  170  170  170  170  170  170  170  170  170  170  170  170  170  170  170  170  170  170  170  170  170  170  170  170  170  170  170  170  170  170  170  170  170  170  170  170  170  170  170  170  170  170  170  170  170  170  170  170  170  170  170  170  170  170  170  170  170  170  170  170  170  170  170  170  170  170  170  170  170  170  170  170  170  170  170  170  170  170  170  170  170  170  170  170  170  170  170  170  170  170  170  170  170  170  170  170  170  170  170  170  170  170  170  170  170  170  170  170  170  170  170  170  170  170  170  170  170  170  170  170  170  170  170  170  170  170  170  170  170  170  170  170  170  170  170  170  170  170  170  170  170  170  170  170  170  170  170  170  170  170  170  170  170  170  170  170  170  170  170  170  170  170  170  170  170  170  170  170  170  170  170  170  170  170  170  170  170  170  170  170  170  170  170  170  170  170  170  170  170  170  170  170  170  170  170  170 
   4    0    0    0    0    0    0    0    0    0    0    0    0    0    0    0    0    0    0    0    0    0    0    0    0    0    0    0    0    0    0    0    0    0    0    0    0    0    0    0    0    0    0    0   43   43   43   43   43   43   43   43   43   43   43   43   43   43   43   43   43   43   43   43   76   76   76   76   76   76   76   76   76   76   76   76   76   76   76   76   76   76   76   76   76   76   76   76   76   76   76   76   76   76   76   76   76   76   76   76   76   76   76   76   76   76   76  119  119  119  119  119  119  119  119  119  119  119  119  119  119  119  119  119  119  119  119  136  136  136  136  136  136  136  136  136  136  143  143  143  143  143  143  143  143  143  143  143  143  143  143  143  143  143  143  143  143  143  143  143  143  143  143  143  143  143  143  143  143  143  179  179  179  179  179  179  179  179  179  179  186  186  186  186  186  186  186  186  186  186  186  186  186  186  186  186  186  186  186  186  203  203  203  203  203  203  203  203  203  203  203  203  203  203  203  203  203  203  203  203  203  203  203  203  203  203  203  203  203  203  203  203  203  203  203  203  203  203  203  203  203  203  203  246  246  246  246  246  246  246  246  246  246  246  246  246  246  246  246  246  246  246  246  246  246  246  246  246  246  246  246  246  246  246  246  246  246  246  246  246  246  246  246  246  246  246  246  246  246  246  246  246  246  246  246  246  246  246  246  246  246  246  246  246  246  246  246  246  246  246  246  246  246  246  246  246  246  246  246  246  246  246  246  246  246  246  246  246  246  246  246  246  246  246  246  246  246  246  246  246  246  246  246  246  246  246  246  246  246  246  246  246  246  246  246  246  246  246  246  246  246  246  246  246  246  246  246  246  246  246  246  246  246  246  246  246  246  246  246  246  246  246  246  246  246  246  246  246  246  246  246  246  246  246  246  246  246  246  246  246  246  246  246  246  246  246  246  246  246  246  246  246  246  246  246  246  246  246  246  246  246  246  246  246  246  246  246  246  246  246  246  246  246  246  246  246  246  246  246  246  246  246  246  246  246  246  246  246  246  246  246  246  246  246  246  246  246  246  246  246  246  246  246  246  246  246  246  246  246  246  246  246  246  246  246  246  246  246  246  246  246  246  246  246  246  246  246  246  246  246  246  246  246  246  246  246  246  246  246  246  246  246  246  246  246  246  246  246  246  246  246  246  246  246  246  246  246  246  246  246  246  246  246  246  246  246  246  246  246  246  246  246  246  246  246  246  246  246  246  246  246  246  246  246  246  246  246  246  246  246  246  246  246  246  246  246  246  246  246  246  246  246  246  246  246  246  246  246  246  246  246  246  246  246  246  246  246  246  246  246  246  246  246  246  246  246  246  246  246  246  246  246  246  246  246  246  246  246  246  246  246  246  246  246  246  246  246  246  246  246  246  246  246  246  246  246  246  246  246  246  246  246  246  246  246  246  246  246  246  246  246  246  246  246  246  246  246  246  246  246  246  246  246  246  246  246  246  246  246  246  246  246  246  246  246  246  246  246  246  246  246  246  246  246  246  246  246  246  246  246  246  246  246  246  246  246  246  246  246  246  246  246  246  246  246  246  246  246  246  246  246  246  246  246  246  246  246  246  246  246  246  246  246  246  246  246  246  246  246  246  246  246  246  246  246  246  246  246  246  246  246  246  246  246  246  246  246  246  246  246  246  246  246  246  246  246  246  246  246  246  246  246  246  246  246  246  246  246  246  246  246  246  246  246  246  246  246  246  246  246  246  246  246  246  246  246  246  246  246  246  246  246  246  246  246  246  246  246  246  246  246  246  246  246  246  246  246  246  246  246  246  246  246  246  246  246  246  246  246  246  246  246 
   5    0    0    0    0    0    0    0    0    0    0    0    0    0    0    0    0    0    0    0    0    0    0    0    0    0    0    0    0    0    0    0    0    0    0    0    0    0    0    0    0    0    0    0   67   67   67   67   67   67   67   67   67   67   67   67   67   67   67   67   67   67   67   67   76   76   76   76   76   76   76   76   76   76   76   76   76   76   76   76   76   76   76   76   76   76   76  110  110  110  110  110  110  110  110  110  110  110  110  110  110  110  110  110  110  110  110  143  143  143  143  143  143  143  143  143  143  143  143  143  143  143  143  143  143  143  143  143  143  143  143  143  143  143  143  143  143  143  143  143  143  143  143  143  143  143  143  143  143  143  186  186  186  186  186  186  186  186  186  186  186  186  186  186  186  186  186  186  186  186  203  203  203  203  203  203  203  203  203  203  210  210  210  210  210  210  210  210  210  210  210  210  210  210  210  210  210  210  210  210  210  210  210  210  210  210  210  210  210  210  210  210  210  246  246  246  246  246  246  246  246  246  246  253  253  253  253  253  253  253  253  253  253  253  253  253  253  253  253  253  253  253  253  270  270  270  270  270  270  270  270  270  270  270  270  270  270  270  270  270  270  270  270  270  270  270  270  270  270  270  270  270  270  270  270  270  270  270  270  270  270  270  270  270  270  270  313  313  313  313  313  313  313  313  313  313  313  313  313  313  313  313  313  313  313  313  313  313  313  313  313  313  313  313  313  313  313  313  313  313  313  313  313  313  313  313  313  313  313  313  313  313  313  313  313  313  313  313  313  313  313  313  313  313  313  313  313  313  313  313  313  313  313  313  313  313  313  313  313  313  313  313  313  313  313  313  313  313  313  313  313  313  313  313  313  313  313  313  313  313  313  313  313  313  313  313  313  313  313  313  313  313  313  313  313  313  313  313  313  313  313  313  313  313  313  313  313  313  313  313  313  313  313  313  313  313  313  313  313  313  313  313  313  313  313  313  313  313  313  313  313  313  313  313  313  313  313  313  313  313  313  313  313  313  313  313  313  313  313  313  313  313  313  313  313  313  313  313  313  313  313  313  313  313  313  313  313  313  313  313  313  313  313  313  313  313  313  313  313  313  313  313  313  313  313  313  313  313  313  313  313  313  313  313  313  313  313  313  313  313  313  313  313  313  313  313  313  313  313  313  313  313  313  313  313  313  313  313  313  313  313  313  313  313  313  313  313  313  313  313  313  313  313  313  313  313  313  313  313  313  313  313  313  313  313  313  313  313  313  313  313  313  313  313  313  313  313  313  313  313  313  313  313  313  313  313  313  313  313  313  313  313  313  313  313  313  313  313  313  313  313  313  313  313  313  313  313  313  313  313  313  313  313  313  313  313  313  313  313  313  313  313  313  313  313  313  313  313  313  313  313  313  313  313  313  313  313  313  313  313  313  313  313  313  313  313  313  313  313  313  313  313  313  313  313  313  313  313  313  313  313  313  313  313  313  313  313  313  313  313  313  313  313  313  313  313  313  313  313  313  313  313  313  313  313  313  313  313  313  313  313  313  313  313  313  313  313  313  313  313  313  313  313  313  313  313  313  313  313  313  313  313  313  313  313  313  313  313  313  313  313  313  313  313  313  313  313  313  313  313  313  313  313  313  313  313  313  313  313  313  313  313  313  313  313  313  313  313  313  313  313  313  313  313  313  313  313  313  313  313  313  313  313  313  313  313  313  313  313  313  313  313  313  313  313  313  313  313  313  313  313  313  313  313  313  313  313  313  313  313  313  313  313  313  313  313  313  313  313  313  313  313  313  313  313  313  313  313  313  313  313  313  313  313  313  313  313  313  313  313  313  313 
   6    0    0    0    0   46   46   46   46   46   46   46   46   46   46   46   46   46   46   46   46   46   46   46   46   46   46   46   46   46   46   46   46   46   46   46   46   46   46   46   46   46   46   46   67   67   67   67  113  113  113  113  113  113  113  113  113  113  113  113  113  113  113  113  113  113  113  113  122  122  122  122  122  122  122  122  122  122  122  122  122  122  122  122  122  122  122  122  122  122  122  156  156  156  156  156  156  156  156  156  156  156  156  156  156  156  156  156  156  156  156  189  189  189  189  189  189  189  189  189  189  189  189  189  189  189  189  189  189  189  189  189  189  189  189  189  189  189  189  189  189  189  189  189  189  189  189  189  189  189  189  189  189  189  232  232  232  232  232  232  232  232  232  232  232  232  232  232  232  232  232  232  232  232  249  249  249  249  249  249  249  249  249  249  256  256  256  256  256  256  256  256  256  256  256  256  256  256  256  256  256  256  256  256  256  256  256  256  256  256  256  256  256  256  256  256  256  292  292  292  292  292  292  292  292  292  292  299  299  299  299  299  299  299  299  299  299  299  299  299  299  299  299  299  299  299  299  316  316  316  316  316  316  316  316  316  316  316  316  316  316  316  316  316  316  316  316  316  316  316  316  316  316  316  316  316  316  316  316  316  316  316  316  316  316  316  316  316  316  316  359  359  359  359  359  359  359  359  359  359  359  359  359  359  359  359  359  359  359  359  359  359  359  359  359  359  359  359  359  359  359  359  359  359  359  359  359  359  359  359  359  359  359  359  359  359  359  359  359  359  359  359  359  359  359  359  359  359  359  359  359  359  359  359  359  359  359  359  359  359  359  359  359  359  359  359  359  359  359  359  359  359  359  359  359  359  359  359  359  359  359  359  359  359  359  359  359  359  359  359  359  359  359  359  359  359  359  359  359  359  359  359  359  359  359  359  359  359  359  359  359  359  359  359  359  359  359  359  359  359  359  359  359  359  359  359  359  359  359  359  359  359  359  359  359  359  359  359  359  359  359  359  359  359  359  359  359  359  359  359  359  359  359  359  359  359  359  359  359  359  359  359  359  359  359  359  359  359  359  359  359  359  359  359  359  359  359  359  359  359  359  359  359  359  359  359  359  359  359  359  359  359  359  359  359  359  359  359  359  359  359  359  359  359  359  359  359  359  359  359  359  359  359  359  359  359  359  359  359  359  359  359  359  359  359  359  359  359  359  359  359  359  359  359  359  359  359  359  359  359  359  359  359  359  359  359  359  359  359  359  359  359  359  359  359  359  359  359  359  359  359  359  359  359  359  359  359  359  359  359  359  359  359  359  359  359  359  359  359  359  359  359  359  359  359  359  359  359  359  359  359  359  359  359  359  359  359  359  359  359  359  359  359  359  359  359  359  359  359  359  359  359  359  359  359  359  359  359  359  359  359  359  359  359  359  359  359  359  359  359  359  359  359  359  359  359  359  359  359  359  359  359  359  359  359  359  359  359  359  359  359  359  359  359  359  359  359  359  359  359  359  359  359  359  359  359  359  359  359  359  359  359  359  359  359  359  359  359  359  359  359  359  359  359  359  359  359  359  359  359  359  359  359  359  359  359  359  359  359  359  359  359  359  359  359  359  359  359  359  359  359  359  359  359  359  359  359  359  359  359  359  359  359  359  359  359  359  359  359  359  359  359  359  359  359  359  359  359  359  359  359  359  359  359  359  359  359  359  359  359  359  359  359  359  359  359  359  359  359  359  359  359  359  359  359  359  359  359  359  359  359  359  359  359  359  359  359  359  359  359  359  359  359  359  359  359  359  359  359  359  359  359  359  359  359  359  359  359  359  359  359  359 
   7    0    0    0    0   46   46   46   46   46   46   46   46   46   46   46   46   46   46   46   46   46   46   46   46   46   46   46   46   46   46   46   46   46   46   46   46   46   46   46   46   46   46   46   67   67   67   67  113  113  113  113  113  113  113  113  113  113  113  113  113  113  113  113  113  113  113  113  122  122  122  122  122  122  122  122  122  122  122  122  122  122  122  122  122  122  122  122  122  122  122  156  156  156  156  156  156  156  156  156  156  156  156  156  156  156  156  156  156  156  156  189  189  189  189  189  189  189  189  189  189  189  189  189  189  189  189  189  189  189  189  189  189  189  189  189  189  189  189  189  189  189  189  189  189  189  189  189  189  189  189  189  189  189  232  232  232  232  232  232  232  232  232  232  232  232  232  232  232  232  232  232  232  232  252  252  252  252  252  252  252  252  252  252  256  256  256  256  256  256  256  256  256  256  256  256  256  256  256  256  256  256  256  256  256  256  256  256  256  256  256  256  256  256  256  256  256  295  295  295  295  295  295  295  295  295  295  299  299  299  299  299  299  299  299  299  299  312  312  312  312  312  312  312  312  312  312  319  319  319  319  319  319  319  319  319  319  319  319  319  319  319  319  319  319  319  319  319  319  319  319  319  319  319  319  319  319  319  319  319  355  355  355  355  355  355  355  355  355  355  362  362  362  362  362  362  362  362  362  362  362  362  362  362  362  362  362  362  362  362  379  379  379  379  379  379  379  379  379  379  379  379  379  379  379  379  379  379  379  379  379  379  379  379  379  379  379  379  379  379  379  379  379  379  379  379  379  379  379  379  379  379  379  422  422  422  422  422  422  422  422  422  422  422  422  422  422  422  422  422  422  422  422  422  422  422  422  422  422  422  422  422  422  422  422  422  422  422  422  422  422  422  422  422  422  422  422  422  422  422  422  422  422  422  422  422  422  422  422  422  422  422  422  422  422  422  422  422  422  422  422  422  422  422  422  422  422  422  422  422  422  422  422  422  422  422  422  422  422  422  422  422  422  422  422  422  422  422  422  422  422  422  422  422  422  422  422  422  422  422  422  422  422  422  422  422  422  422  422  422  422  422  422  422  422  422  422  422  422  422  422  422  422  422  422  422  422  422  422  422  422  422  422  422  422  422  422  422  422  422  422  422  422  422  422  422  422  422  422  422  422  422  422  422  422  422  422  422  422  422  422  422  422  422  422  422  422  422  422  422  422  422  422  422  422  422  422  422  422  422  422  422  422  422  422  422  422  422  422  422  422  422  422  422  422  422  422  422  422  422  422  422  422  422  422  422  422  422  422  422  422  422  422  422  422  422  422  422  422  422  422  422  422  422  422  422  422  422  422  422  422  422  422  422  422  422  422  422  422  422  422  422  422  422  422  422  422  422  422  422  422  422  422  422  422  422  422  422  422  422  422  422  422  422  422  422  422  422  422  422  422  422  422  422  422  422  422  422  422  422  422  422  422  422  422  422  422  422  422  422  422  422  422  422  422  422  422  422  422  422  422  422  422  422  422  422  422  422  422  422  422  422  422  422  422  422  422  422  422  422  422  422  422  422  422  422  422  422  422  422  422  422  422  422  422  422  422  422  422  422  422  422  422  422  422  422  422  422  422  422  422  422  422  422  422  422  422  422  422  422  422  422  422  422  422  422  422  422  422  422  422  422  422  422  422  422  422  422  422  422  422  422  422  422  422  422  422  422  422  422  422  422  422  422  422  422  422  422  422  422  422  422  422  422  422  422  422  422  422  422  422  422  422  422  422  422  422  422  422  422  422  422  422  422  422  422  422  422  422  422  422  422  422  422  422  422  422  422  422  422  422  422 
   8    0    0    0    0   46   46   46   46   46   46   46   46   46   46   46   46   46   46   46   46   46   46   46   46   46   46   46   46   46   46   46   46   46   46   46   46   46   46   46   46   46   46   46   67   67   67   67  113  113  113  113  113  113  113  113  113  113  113  113  113  113  113  113  113  113  113  113  122  122  122  122  122  122  122  122  122  122  122  122  122  122  122  122  122  122  122  122  122  122  122  156  156  156  156  156  156  156  156  156  156  156  156  156  156  156  156  156  156  156  156  189  189  189  189  189  189  189  189  189  189  189  189  189  189  189  189  189  189  189  189  189  189  189  189  189  189  189  189  189  189  189  189  189  189  189  189  189  189  189  189  189  189  189  232  232  232  232  232  232  232  232  232  232  232  232  232  232  232  232  232  232  232  232  252  252  252  252  252  252  252  252  252  252  256  256  256  256  256  256  256  256  256  256  256  256  256  256  256  256  256  256  256  256  256  256  256  256  256  256  256  256  256  256  256  256  256  295  295  295  295  295  295  295  295  295  295  299  299  299  299  299  299  299  299  299  299  312  312  312  312  312  312  312  312  312  312  319  319  319  319  319  319  319  319  319  319  319  319  319  319  319  319  319  319  319  319  319  319  319  319  319  319  319  319  319  319  319  319  319  355  355  355  355  355  355  355  355  355  355  362  362  362  362  362  362  362  362  362  362  362  362  362  362  362  362  362  362  362  362  379  379  379  379  379  379  379  379  379  379  379  379  379  379  379  379  379  379  379  379  379  379  379  379  379  379  379  379  379  379  379  379  379  379  379  379  379  398  398  398  398  398  398  422  422  422  422  422  422  422  422  422  422  422  422  422  422  422  422  422  422  422  422  422  422  422  422  422  422  422  422  422  422  422  422  422  422  422  422  422  422  422  422  422  422  422  422  422  422  422  422  422  422  422  422  422  422  422  422  422  422  422  422  422  422  422  422  422  422  422  465  465  465  465  465  465  465  465  465  465  465  465  465  465  465  465  465  465  465  465  465  465  465  465  465  465  465  465  465  465  465  465  465  465  465  465  465  465  465  465  465  465  465  465  465  465  465  465  465  465  465  465  465  465  465  465  465  465  465  465  465  465  465  465  465  465  465  465  465  465  465  465  465  465  465  465  465  465  465  465  465  465  465  465  465  465  465  465  465  465  465  465  465  465  465  465  465  465  465  465  465  465  465  465  465  465  465  465  465  465  465  465  465  465  465  465  465  465  465  465  465  465  465  465  465  465  465  465  465  465  465  465  465  465  465  465  465  465  465  465  465  465  465  465  465  465  465  465  465  465  465  465  465  465  465  465  465  465  465  465  465  465  465  465  465  465  465  465  465  465  465  465  465  465  465  465  465  465  465  465  465  465  465  465  465  465  465  465  465  465  465  465  465  465  465  465  465  465  465  465  465  465  465  465  465  465  465  465  465  465  465  465  465  465  465  465  465  465  465  465  465  465  465  465  465  465  465  465  465  465  465  465  465  465  465  465  465  465  465  465  465  465  465  465  465  465  465  465  465  465  465  465  465  465  465  465  465  465  465  465  465  465  465  465  465  465  465  465  465  465  465  465  465  465  465  465  465  465  465  465  465  465  465  465  465  465  465  465  465  465  465  465  465  465  465  465  465  465  465  465  465  465  465  465  465  465  465  465  465  465  465  465  465  465  465  465  465  465  465  465  465  465  465  465  465  465  465  465  465  465  465  465  465  465  465  465  465  465  465  465  465  465  465  465  465  465  465  465  465  465  465  465  465  465  465  465  465  465  465  465  465  465  465  465  465  465  465  465  465  465  465  465  465  465  465  465  465  465  465  465  465  465 
   9    0    0    0    0   46   46   46   46   46   46   46   52   52   52   52   52   52   52   52   52   52   52   52   52   52   52   52   52   52   52   52   52   52   52   52   52   52   52   52   52   52   52   52   67   67   67   67  113  113  113  113  113  113  113  119  119  119  119  119  119  119  119  119  119  119  119  119  122  122  122  122  122  122  122  128  128  128  128  128  128  128  128  128  128  128  128  128  128  128  128  156  156  156  156  156  156  156  162  162  162  162  162  162  162  162  162  162  162  162  162  189  189  189  189  189  189  189  195  195  195  195  195  195  195  195  195  195  195  195  195  195  195  195  195  195  195  195  195  195  195  195  195  195  195  195  195  195  195  195  195  195  195  195  232  232  232  232  232  232  232  238  238  238  238  238  238  238  238  238  238  238  238  238  252  252  252  252  252  252  252  258  258  258  258  258  258  258  258  258  258  262  262  262  262  262  262  262  262  262  262  262  262  262  262  262  262  262  262  262  262  262  262  262  262  262  262  295  295  295  295  295  295  295  301  301  301  301  301  301  301  301  301  301  305  305  305  312  312  312  312  312  312  312  318  318  318  319  319  319  319  319  319  319  325  325  325  325  325  325  325  325  325  325  325  325  325  325  325  325  325  325  325  325  325  325  325  325  325  325  355  355  355  355  355  355  355  361  361  361  362  362  362  362  362  362  362  368  368  368  368  368  368  368  368  368  368  368  368  368  379  379  379  379  379  379  379  385  385  385  385  385  385  385  385  385  385  385  385  385  385  385  385  385  385  385  385  385  385  385  385  385  385  385  385  385  385  398  398  398  398  398  398  422  422  422  422  422  422  422  428  428  428  428  428  428  428  428  428  428  428  428  428  428  428  428  428  428  428  428  428  428  428  428  428  428  428  428  428  428  428  428  428  428  428  428  428  428  428  428  428  428  428  428  428  428  428  428  428  428  428  428  428  428  428  428  428  428  428  428  465  465  465  465  465  465  465  471  471  471  471  471  471  471  471  471  471  471  471  471  471  471  471  471  471  471  471  471  471  471  471  471  471  471  471  471  471  471  471  471  471  471  471  471  471  471  471  471  471  471  471  471  471  471  471  471  471  471  471  471  471  471  471  471  471  471  471  471  471  471  471  471  471  471  471  471  471  471  471  471  471  471  471  471  471  471  471  471  471  471  471  471  471  471  471  471  471  471  471  471  471  471  471  471  471  471  471  471  471  471  471  471  471  471  471  471  471  471  471  471  471  471  471  471  471  471  471  471  471  471  471  471  471  471  471  471  471  471  471  471  471  471  471  471  471  471  471  471  471  471  471  471  471  471  471  471  471  471  471  471  471  471  471  471  471  471  471  471  471  471  471  471  471  471  471  471  471  471  471  471  471  471  471  471  471  471  471  471  471  471  471  471  471  471  471  471  471  471  471  471  471  471  471  471  471  471  471  471  471  471  471  471  471  471  471  471  471  471  471  471  471  471  471  471  471  471  471  471  471  471  471  471  471  471  471  471  471  471  471  471  471  471  471  471  471  471  471  471  471  471  471  471  471  471  471  471  471  471  471  471  471  471  471  471  471  471  471  471  471  471  471  471  471  471  471  471  471  471  471  471  471  471  471  471  471  471  471  471  471  471  471  471  471  471  471  471  471  471  471  471  471  471  471  471  471  471  471  471  471  471  471  471  471  471  471  471  471  471  471  471  471  471  471  471  471  471  471  471  471  471  471  471  471  471  471  471  471  471  471  471  471  471  471  471  471  471  471  471  471  471  471  471  471  471  471  471  471  471  471  471  471  471  471  471  471  471  471  471  471  471  471  471  471  471  471  471  471  471  471  471  471  471 
  10    0    0    0    0   46   46   46   46   46   46   46   52   52   52   52   52   52   52   52   52   52   52   52   52   52   52   52   52   52   52   52   52   52   52   52   52   52   52   52   52   52   52   52   67   67   67   67  113  113  113  113  113  113  113  119  119  119  119  119  119  119  119  119  119  119  119  119  122  122  122  122  122  122  122  128  128  128  128  128  128  128  128  128  128  128  128  128  128  128  128  156  156  156  156  156  156  156  162  162  162  162  162  162  162  162  162  162  162  162  162  189  189  189  189  189  189  189  195  195  195  195  195  195  195  195  195  195  195  195  195  195  195  195  195  198  198  198  198  198  198  198  204  204  204  204  204  204  204  204  204  204  204  204  232  232  232  232  232  232  232  238  238  238  238  238  238  238  238  238  238  238  238  238  252  252  252  252  265  265  265  265  265  265  265  271  271  271  271  271  271  271  271  271  271  271  271  271  271  271  271  271  271  271  271  271  271  271  271  271  271  271  271  271  271  271  271  295  295  295  295  308  308  308  308  308  308  308  314  314  314  314  314  314  314  314  314  314  314  314  314  328  328  328  328  328  328  328  334  334  334  334  334  334  334  334  334  334  338  338  338  338  338  338  338  338  338  338  338  338  338  338  338  338  338  338  338  338  338  338  355  355  355  355  371  371  371  371  371  371  371  377  377  377  377  377  377  377  377  377  377  381  381  381  388  388  388  388  388  388  388  394  394  394  395  395  395  395  395  395  395  401  401  401  401  401  401  401  401  401  401  401  401  401  401  401  401  401  401  401  401  401  401  401  401  401  401  431  431  431  431  431  431  431  437  437  437  438  438  438  438  438  438  438  444  444  444  444  444  444  444  444  444  444  444  444  444  455  455  455  455  455  455  455  461  461  461  461  461  461  461  461  461  461  461  461  461  461  461  461  461  461  461  461  461  461  461  461  461  461  461  461  461  461  474  474  474  474  474  474  498  498  498  498  498  498  498  504  504  504  504  504  504  504  504  504  504  504  504  504  504  504  504  504  504  504  504  504  504  504  504  504  504  504  504  504  504  504  504  504  504  504  504  504  504  504  504  504  504  504  504  504  504  504  504  504  504  504  504  504  504  504  504  504  504  504  504  541  541  541  541  541  541  541  547  547  547  547  547  547  547  547  547  547  547  547  547  547  547  547  547  547  547  547  547  547  547  547  547  547  547  547  547  547  547  547  547  547  547  547  547  547  547  547  547  547  547  547  547  547  547  547  547  547  547  547  547  547  547  547  547  547  547  547  547  547  547  547  547  547  547  547  547  547  547  547  547  547  547  547  547  547  547  547  547  547  547  547  547  547  547  547  547  547  547  547  547  547  547  547  547  547  547  547  547  547  547  547  547  547  547  547  547  547  547  547  547  547  547  547  547  547  547  547  547  547  547  547  547  547  547  547  547  547  547  547  547  547  547  547  547  547  547  547  547  547  547  547  547  547  547  547  547  547  547  547  547  547  547  547  547  547  547  547  547  547  547  547  547  547  547  547  547  547  547  547  547  547  547  547  547  547  547  547  547  547  547  547  547  547  547  547  547  547  547  547  547  547  547  547  547  547  547  547  547  547  547  547  547  547  547  547  547  547  547  547  547  547  547  547  547  547  547  547  547  547  547  547  547  547  547  547  547  547  547  547  547  547  547  547  547  547  547  547  547  547  547  547  547  547  547  547  547  547  547  547  547  547  547  547  547  547  547  547  547  547  547  547  547  547  547  547  547  547  547  547  547  547  547  547  547  547  547  547  547  547  547  547  547  547  547  547  547  547  547  547  547  547  547  547  547  547  547  547  547  547  547  547  547  547  547  547 
  11    0    0    0    0   46   46   46   46   46   46   46   52   52   52   52   52   52   52   52   52   52   52   52   52   52   52   52   52   52   52   52   52   52   52   52   52   52   52   52   52   52   52   52   67   67   67   67  113  113  113  113  113  113  113  119  119  119  119  119  119  119  119  119  119  119  119  119  122  122  122  122  122  122  122  128  128  128  128  128  128  128  128  128  128  128  128  128  128  128  128  156  156  156  156  156  156  156  162  162  162  162  162  162  162  162  162  162  162  162  162  189  189  189  189  189  189  189  195  195  195  195  195  195  195  195  195  195  195  195  195  195  195  195  195  198  198  198  198  198  198  198  204  204  204  204  204  204  204  204  204  204  204  204  232  232  232  232  232  232  232  238  238  238  238  238  238  238  238  238  238  238  238  238  252  252  252  252  265  265  265  265  265  265  265  271  271  271  271  271  271  271  271  271  271  271  271  271  271  271  271  271  271  271  271  271  271  271  271  271  271  271  271  271  271  271  271  295  295  295  295  308  308  308  308  308  308  308  314  314  314  314  314  314  314  314  314  314  314  314  314  328  328  328  328  328  328  328  334  334  334  334  334  334  334  334  334  334  338  338  338  338  338  338  338  338  338  338  338  338  338  338  338  338  338  338  338  338  338  338  355  355  355  355  371  371  371  371  371  371  371  377  377  377  377  377  377  377  377  377  377  381  381  381  388  388  388  388  388  388  388  394  394  394  395  395  395  395  395  395  395  401  401  401  401  401  401  401  401  401  401  401  401  401  401  401  401  401  401  401  401  401  401  401  401  401  401  431  431  431  431  431  431  431  437  437  437  438  438  438  438  438  438  438  444  444  444  444  444  444  444  444  444  444  444  444  444  455  455  455  455  455  455  455  461  461  461  461  461  461  461  461  461  461  461  461  461  461  461  461  461  461  461  461  461  461  461  461  461  461  461  464  464  464  474  474  474  474  474  474  498  498  498  498  498  498  498  504  504  504  504  504  504  504  504  504  504  504  504  504  504  504  504  504  504  504  504  504  504  504  504  504  504  504  504  504  504  504  504  504  504  504  504  504  504  504  504  504  504  504  504  504  504  504  504  504  504  504  507  507  507  507  507  507  531  531  531  541  541  541  541  541  541  541  547  547  547  547  547  547  547  547  547  547  547  547  547  547  547  547  547  547  547  547  547  547  547  547  547  547  547  547  547  547  547  547  547  547  547  547  547  547  547  547  547  547  547  547  547  547  547  547  547  547  547  547  547  547  547  547  547  574  574  574  574  574  574  574  580  580  580  580  580  580  580  580  580  580  580  580  580  580  580  580  580  580  580  580  580  580  580  580  580  580  580  580  580  580  580  580  580  580  580  580  580  580  580  580  580  580  580  580  580  580  580  580  580  580  580  580  580  580  580  580  580  580  580  580  580  580  580  580  580  580  580  580  580  580  580  580  580  580  580  580  580  580  580  580  580  580  580  580  580  580  580  580  580  580  580  580  580  580  580  580  580  580  580  580  580  580  580  580  580  580  580  580  580  580  580  580  580  580  580  580  580  580  580  580  580  580  580  580  580  580  580  580  580  580  580  580  580  580  580  580  580  580  580  580  580  580  580  580  580  580  580  580  580  580  580  580  580  580  580  580  580  580  580  580  580  580  580  580  580  580  580  580  580  580  580  580  580  580  580  580  580  580  580  580  580  580  580  580  580  580  580  580  580  580  580  580  580  580  580  580  580  580  580  580  580  580  580  580  580  580  580  580  580  580  580  580  580  580  580  580  580  580  580  580  580  580  580  580  580  580  580  580  580  580  580  580  580  580  580  580  580  580  580  580  580  580  580  580 
  12    0    0    0    0   46   46   46   46   46   46   46   52   52   52   52   52   52   52   52   52   52   52   52   52   52   52   52   52   52   52   52   52   52   52   52   52   52   52   52   52   52   52   52   73   73   73   73  119  119  119  119  119  119  119  125  125  125  125  125  125  125  125  125  125  125  125  125  125  125  125  125  125  125  125  128  128  128  128  128  128  128  128  128  128  128  128  140  140  140  140  186  186  186  186  186  186  186  192  192  192  192  192  192  192  192  192  192  192  192  192  195  195  195  195  195  195  195  201  201  201  201  201  201  201  201  201  201  201  201  201  201  201  201  229  229  229  229  229  229  229  235  235  235  235  235  235  235  235  235  235  235  235  235  262  262  262  262  262  262  262  268  268  268  268  268  268  268  268  268  268  268  268  268  268  268  268  268  271  271  271  271  271  271  271  277  277  277  277  277  277  277  277  277  277  277  277  305  305  305  305  305  305  305  311  311  311  311  311  311  311  311  311  311  311  311  311  325  325  325  325  338  338  338  338  338  338  338  344  344  344  344  344  344  344  344  344  344  344  344  344  344  344  344  344  344  344  344  344  344  344  344  344  344  344  344  344  344  344  344  368  368  368  368  381  381  381  381  381  381  381  387  387  387  387  387  387  387  387  387  387  387  387  387  401  401  401  401  401  401  401  407  407  407  407  407  407  407  407  407  407  411  411  411  411  411  411  411  411  411  411  411  411  411  411  411  411  411  411  411  411  411  411  428  428  428  428  444  444  444  444  444  444  444  450  450  450  450  450  450  450  450  450  450  454  454  454  461  461  461  461  461  461  461  467  467  467  468  468  468  468  468  468  468  474  474  474  474  474  474  474  474  474  474  474  474  474  474  474  474  474  474  474  474  474  474  474  474  474  474  504  504  504  504  504  504  504  510  510  510  511  511  511  511  511  511  511  517  517  517  517  517  517  517  517  517  517  517  517  517  528  528  528  528  528  528  528  534  534  534  534  534  534  534  534  534  534  534  534  534  534  534  534  534  534  534  534  534  534  534  534  534  534  534  537  537  537  547  547  547  547  547  547  571  571  571  571  571  571  571  577  577  577  577  577  577  577  577  577  577  577  577  577  577  577  577  577  577  577  577  577  577  577  577  577  577  577  577  577  577  577  577  577  577  577  577  577  577  577  577  577  577  577  577  577  577  577  577  577  577  577  580  580  580  580  580  580  604  604  604  614  614  614  614  614  614  614  620  620  620  620  620  620  620  620  620  620  620  620  620  620  620  620  620  620  620  620  620  620  620  620  620  620  620  620  620  620  620  620  620  620  620  620  620  620  620  620  620  620  620  620  620  620  620  620  620  620  620  620  620  620  620  620  620  647  647  647  647  647  647  647  653  653  653  653  653  653  653  653  653  653  653  653  653  653  653  653  653  653  653  653  653  653  653  653  653  653  653  653  653  653  653  653  653  653  653  653  653  653  653  653  653  653  653  653  653  653  653  653  653  653  653  653  653  653  653  653  653  653  653  653  653  653  653  653  653  653  653  653  653  653  653  653  653  653  653  653  653  653  653  653  653  653  653  653  653  653  653  653  653  653  653  653  653  653  653  653  653  653  653  653  653  653  653  653  653  653  653  653  653  653  653  653  653  653  653  653  653  653  653  653  653  653  653  653  653  653  653  653  653  653  653  653  653  653  653  653  653  653  653  653  653  653  653  653  653  653  653  653  653  653  653  653  653  653  653  653  653  653  653  653  653  653  653  653  653  653  653  653  653  653  653  653  653  653  653  653  653  653  653  653  653  653  653  653  653  653  653  653  653  653  653  653  653  653  653  653  653  653  653  653  653 
  13    0    0    0    0   46   46   46   46   46   46   46   52   52   52   52   52   52   52   58   58   58   58   58   58   58   58   58   58   58   58   58   58   58   58   58   58   58   58   58   58   58   58   58   73   73   73   73  119  119  119  119  119  119  119  125  125  125  125  125  125  125  131  131  131  131  131  131  131  131  131  131  131  131  131  131  131  131  131  131  131  131  134  134  134  134  134  140  140  140  140  186  186  186  186  186  186  186  192  192  192  192  192  192  192  198  198  198  198  198  198  198  198  198  198  198  198  198  201  201  201  201  201  201  201  207  207  207  207  207  207  207  207  207  229  229  229  229  229  229  229  235  235  235  235  235  235  235  241  241  241  241  241  241  262  262  262  262  262  262  262  268  268  268  268  268  268  268  274  274  274  274  274  274  274  274  274  274  274  274  274  274  274  274  274  277  277  277  277  277  277  277  283  283  283  283  283  305  305  305  305  305  305  305  311  311  311  311  311  311  311  317  317  317  317  317  317  325  325  325  325  338  338  338  338  338  338  338  344  344  344  344  344  344  344  350  350  350  350  350  350  350  350  350  350  350  350  350  350  350  350  350  350  350  350  350  350  350  350  350  368  368  368  368  381  381  381  381  381  381  381  387  387  387  387  387  387  387  393  393  393  393  393  393  401  401  401  401  401  401  401  407  407  407  407  407  407  407  413  413  413  413  413  413  413  413  413  413  417  417  417  417  417  417  417  417  417  417  417  417  417  417  417  428  428  428  428  444  444  444  444  444  444  444  450  450  450  450  450  450  450  456  456  456  456  456  456  461  461  461  461  461  461  461  467  467  467  468  468  468  468  473  473  473  474  474  474  474  474  474  474  480  480  480  480  480  480  480  480  480  480  480  480  480  480  480  480  480  480  480  504  504  504  504  504  504  504  510  510  510  511  511  511  511  516  516  516  517  517  517  517  517  517  517  523  523  523  523  523  523  528  528  528  528  528  528  528  534  534  534  534  534  534  534  540  540  540  540  540  540  540  540  540  540  540  540  540  540  540  540  540  540  540  540  540  540  540  547  547  547  547  547  547  571  571  571  571  571  571  571  577  577  577  577  577  577  577  583  583  583  583  583  583  583  583  583  583  583  583  583  583  583  583  583  583  583  583  583  583  583  583  583  583  583  583  583  583  583  583  583  583  583  583  583  583  583  583  583  583  583  583  583  583  583  583  583  583  604  604  604  614  614  614  614  614  614  614  620  620  620  620  620  620  620  626  626  626  626  626  626  626  626  626  626  626  626  626  626  626  626  626  626  626  626  626  626  626  626  626  626  626  626  626  626  626  626  626  626  626  626  626  626  626  626  626  626  626  626  626  626  626  626  626  626  647  647  647  647  647  647  647  653  653  653  653  653  653  653  659  659  659  659  659  659  659  659  659  659  659  659  659  659  659  659  659  659  659  659  659  659  659  659  659  659  659  659  659  659  659  659  659  659  659  659  659  659  659  659  659  659  659  659  659  659  659  659  659  659  659  659  659  659  659  659  659  659  659  659  659  659  659  659  659  659  659  659  659  659  659  659  659  659  659  659  659  659  659  659  659  659  659  659  659  659  659  659  659  659  659  659  659  659  659  659  659  659  659  659  659  659  659  659  659  659  659  659  659  659  659  659  659  659  659  659  659  659  659  659  659  659  659  659  659  659  659  659  659  659  659  659  659  659  659  659  659  659  659  659  659  659  659  659  659  659  659  659  659  659  659  659  659  659  659  659  659  659  659  659  659  659  659  659  659  659  659  659  659  659  659  659  659  659  659  659  659  659  659  659  659  659  659  659  659  659  659  659  659  659  659  659  659  659 
  14    0    0    0    0   46   46   46   46   46   46   46   52   52   52   52   52   52   52   58   58   58   58   58   58   58   58   58   58   58   58   58   58   58   58   58   58   58   58   86   86   86   86   86   86   86   92   92  119  119  119  119  119  119  119  125  125  125  125  125  125  125  131  131  131  131  131  131  131  131  131  131  131  131  131  131  131  131  131  131  131  131  159  159  159  159  159  159  159  165  165  186  186  186  186  186  186  186  192  192  192  192  192  192  192  198  198  198  198  198  198  198  198  198  198  198  198  198  201  201  201  201  201  201  201  226  226  226  226  226  226  226  232  232  232  232  232  232  232  238  238  238  238  238  238  238  238  238  241  241  241  241  241  241  262  262  262  262  262  262  262  268  268  268  268  268  268  268  274  274  274  274  274  274  274  275  275  275  275  275  275  275  281  281  281  281  281  281  302  302  302  302  302  302  302  308  308  308  308  308  308  308  314  314  314  314  314  314  314  314  314  317  317  317  317  317  317  325  325  325  325  338  338  338  338  338  338  338  344  344  344  345  345  345  345  350  350  350  351  351  351  351  351  351  351  357  357  357  357  357  357  365  365  365  365  378  378  378  378  378  378  378  384  384  384  384  384  384  384  390  390  390  390  390  390  390  390  390  393  393  393  393  393  393  401  401  401  401  401  401  401  407  407  407  408  408  408  408  421  421  421  421  421  421  421  427  427  427  427  427  427  427  433  433  433  433  433  433  441  441  441  441  441  441  441  447  447  447  447  447  447  447  453  453  453  453  453  453  453  453  453  456  457  457  457  457  457  461  461  461  461  461  461  461  467  467  467  468  468  468  468  484  484  484  484  484  484  484  490  490  490  490  490  490  490  496  496  496  496  496  496  501  501  501  501  501  501  501  507  507  507  508  508  508  508  513  513  513  514  514  514  514  514  514  516  520  520  520  520  520  520  520  520  520  523  523  523  523  523  523  528  528  528  528  544  544  544  544  544  544  544  550  550  550  551  551  551  551  556  556  556  557  557  557  557  557  557  557  563  563  563  563  563  563  568  568  568  568  568  568  568  574  574  574  574  574  574  574  580  580  580  580  580  580  580  580  580  583  583  583  583  583  583  583  583  583  583  583  583  583  583  587  587  587  587  587  587  611  611  611  611  611  611  611  617  617  617  617  617  617  617  623  623  623  623  623  623  623  623  623  623  623  623  623  623  623  623  623  623  623  623  623  623  623  623  623  623  623  623  623  623  623  623  623  626  626  626  626  626  626  626  626  626  626  626  626  626  626  626  626  626  644  644  644  654  654  654  654  654  654  654  660  660  660  660  660  660  660  666  666  666  666  666  666  666  666  666  666  666  666  666  666  666  666  666  666  666  666  666  666  666  666  666  666  666  666  666  666  666  666  666  666  666  666  666  666  666  666  666  666  666  666  666  666  666  666  666  666  687  687  687  687  687  687  687  693  693  693  693  693  693  693  699  699  699  699  699  699  699  699  699  699  699  699  699  699  699  699  699  699  699  699  699  699  699  699  699  699  699  699  699  699  699  699  699  699  699  699  699  699  699  699  699  699  699  699  699  699  699  699  699  699  699  699  699  699  699  699  699  699  699  699  699  699  699  699  699  699  699  699  699  699  699  699  699  699  699  699  699  699  699  699  699  699  699  699  699  699  699  699  699  699  699  699  699  699  699  699  699  699  699  699  699  699  699  699  699  699  699  699  699  699  699  699  699  699  699  699  699  699  699  699  699  699  699  699  699  699  699  699  699  699  699  699  699  699  699  699  699  699  699  699  699  699  699  699  699  699  699  699  699  699  699  699  699  699  699  699  699  699  699  699 
  15    0   64   64   64  110  110  110  110  110  110  110  116  116  116  116  116  116  116  122  122  122  122  122  122  122  122  122  122  122  122  122  122  122  122  122  122  122  122  150  150  150  150  150  150  150  156  156  183  183  183  183  183  183  183  189  189  189  189  189  189  189  195  195  195  195  195  195  195  195  195  195  195  195  195  195  195  195  195  195  195  195  223  223  223  223  223  223  223  229  229  250  250  250  250  250  250  250  256  256  256  256  256  256  256  262  262  262  262  262  262  262  262  262  262  262  262  262  265  265  265  265  265  265  265  290  290  290  290  290  290  290  296  296  296  296  296  296  296  302  302  302  302  302  302  302  302  302  305  305  305  305  305  305  326  326  326  326  326  326  326  332  332  332  332  332  332  332  338  338  338  338  338  338  338  339  339  339  339  339  339  339  345  345  345  345  345  345  366  366  366  366  366  366  366  372  372  372  372  372  372  372  378  378  378  378  378  378  378  378  378  381  381  381  381  381  381  389  389  389  389  402  402  402  402  402  402  402  408  408  408  409  409  409  409  414  414  414  415  415  415  415  415  415  415  421  421  421  421  421  421  429  429  429  429  442  442  442  442  442  442  442  448  448  448  448  448  448  448  454  454  454  454  454  454  454  454  454  457  457  457  457  457  457  465  465  465  465  465  465  465  471  471  471  472  472  472  472  485  485  485  485  485  485  485  491  491  491  491  491  491  491  497  497  497  497  497  497  505  505  505  505  505  505  505  511  511  511  511  511  511  511  517  517  517  517  517  517  517  517  517  520  521  521  521  521  521  525  525  525  525  525  525  525  531  531  531  532  532  532  532  548  548  548  548  548  548  548  554  554  554  554  554  554  554  560  560  560  560  560  560  565  565  565  565  565  565  565  571  571  571  572  572  572  572  577  577  577  578  578  578  578  578  578  580  584  584  584  584  584  584  584  584  584  587  587  587  587  587  587  592  592  592  592  608  608  608  608  608  608  608  614  614  614  615  615  615  615  620  620  620  621  621  621  621  621  621  621  627  627  627  627  627  627  632  632  632  632  632  632  632  638  638  638  638  638  638  638  644  644  644  644  644  644  644  644  644  647  647  647  647  647  647  647  647  647  647  647  647  647  647  651  651  651  651  651  651  675  675  675  675  675  675  675  681  681  681  681  681  681  681  687  687  687  687  687  687  687  687  687  687  687  687  687  687  687  687  687  687  687  687  687  687  687  687  687  687  687  687  687  687  687  687  687  690  690  690  690  690  690  690  690  690  690  690  690  690  690  690  690  690  708  708  708  718  718  718  718  718  718  718  724  724  724  724  724  724  724  730  730  730  730  730  730  730  730  730  730  730  730  730  730  730  730  730  730  730  730  730  730  730  730  730  730  730  730  730  730  730  730  730  730  730  730  730  730  730  730  730  730  730  730  730  730  730  730  730  730  751  751  751  751  751  751  751  757  757  757  757  757  757  757  763  763  763  763  763  763  763  763  763  763  763  763  763  763  763  763  763  763  763  763  763  763  763  763  763  763  763  763  763  763  763  763  763  763  763  763  763  763  763  763  763  763  763  763  763  763  763  763  763  763  763  763  763  763  763  763  763  763  763  763  763  763  763  763  763  763  763  763  763  763  763  763  763  763  763  763  763  763  763  763  763  763  763  763  763  763  763  763  763  763  763  763  763  763  763  763  763  763  763  763  763  763  763  763  763  763  763  763  763  763  763  763  763  763  763  763  763  763  763  763  763  763  763  763  763  763  763  763  763  763  763  763  763  763  763  763  763  763  763  763  763  763  763  763  763  763  763  763  763  763  763  763  763  763  763  763  763  763  763  763 
  16    0   64   64   64  110  110  110  110  110  110  110  116  116  116  116  116  116  116  122  122  122  122  122  122  122  122  122  122  122  122  122  122  122  122  122  122  122  122  150  150  150  150  150  150  150  156  156  183  183  183  183  183  183  183  189  189  189  189  189  189  189  195  195  195  195  195  195  195  195  195  195  195  195  195  195  195  195  195  195  195  195  223  223  223  223  223  223  223  229  229  250  250  250  250  250  250  250  256  256  256  256  256  256  256  262  262  262  262  262  262  262  262  262  262  262  262  262  265  265  265  265  265  265  265  290  290  290  290  290  290  290  296  296  296  296  296  296  296  302  302  302  302  302  302  302  302  302  305  305  305  305  305  305  326  326  326  326  326  326  326  332  332  332  332  332  332  332  338  338  338  338  338  338  338  339  339  339  339  339  339  339  345  345  345  345  345  345  366  366  366  366  366  366  366  372  372  372  372  372  372  372  378  378  378  378  378  378  378  378  378  381  381  381  381  381  381  389  389  389  389  402  402  402  402  402  402  402  408  408  408  409  409  409  409  414  414  414  415  415  415  415  415  415  415  421  421  421  421  421  421  429  429  429  429  442  442  442  442  442  442  442  448  448  448  448  448  448  448  454  454  454  454  454  454  454  454  454  457  457  457  457  457  457  465  465  465  465  465  465  465  472  472  472  472  472  472  472  485  485  485  485  485  485  485  491  491  491  491  491  491  491  497  497  497  497  497  497  505  505  505  505  505  505  505  511  511  511  511  511  511  511  517  517  517  517  517  517  517  517  517  521  521  521  521  521  521  525  527  527  527  527  527  527  535  535  535  535  535  535  535  548  548  548  548  548  548  548  554  554  554  554  554  554  554  560  560  560  560  560  560  565  565  565  565  565  565  565  571  571  571  572  572  572  572  577  577  578  578  578  578  578  578  578  584  584  584  584  584  584  584  590  590  590  590  590  590  595  595  595  595  595  595  595  608  608  608  608  608  608  608  614  614  614  615  615  615  615  620  620  620  621  621  621  621  621  621  621  627  627  627  627  627  627  632  632  632  632  632  632  638  638  638  638  638  638  638  644  644  644  645  645  645  645  650  650  650  651  651  651  651  651  651  651  657  657  657  657  657  657  662  662  662  662  662  662  662  675  675  675  675  675  675  675  681  681  681  681  681  681  681  687  687  687  687  687  687  687  687  687  687  687  687  687  687  687  687  687  687  687  687  687  687  705  705  705  705  705  705  705  711  711  711  711  711  711  711  717  717  717  717  717  717  717  717  717  717  717  717  717  717  717  717  717  718  718  718  718  718  718  718  724  724  724  724  724  724  724  730  730  730  730  730  730  730  730  730  730  730  730  730  730  730  730  730  730  730  738  738  738  748  748  748  748  748  748  748  754  754  754  754  754  754  754  760  760  760  760  760  760  760  760  760  760  760  760  760  760  760  760  760  760  760  760  760  760  760  760  760  760  760  760  763  763  763  763  763  763  763  763  763  763  763  763  763  763  763  763  763  763  763  763  763  763  781  781  781  781  781  781  781  787  787  787  787  787  787  787  793  793  793  793  793  793  793  793  793  793  793  793  793  793  793  793  793  793  793  793  793  793  793  793  793  793  793  793  793  793  793  793  793  793  793  793  793  793  793  793  793  793  793  793  793  793  793  793  793  793  793  793  793  793  793  793  793  793  793  793  793  793  793  793  793  793  793  793  793  793  793  793  793  793  793  793  793  793  793  793  793  793  793  793  793  793  793  793  793  793  793  793  793  793  793  793  793  793  793  793  793  793  793  793  793  793  793  793  793  793  793  793  793  793  793  793  793  793  793  793  793  793  793  793 
  17    0   64   64   64  110  138  138  138  184  184  184  184  184  184  184  190  190  190  190  190  190  190  196  196  196  196  196  196  196  196  196  196  196  196  196  196  196  196  196  196  196  196  224  224  224  224  224  224  224  230  230  257  257  257  257  257  257  257  263  263  263  263  263  263  263  269  269  269  269  269  269  269  269  269  269  269  269  269  269  269  269  269  269  269  269  297  297  297  297  297  297  297  303  303  324  324  324  324  324  324  324  330  330  330  330  330  330  330  336  336  336  336  336  336  336  336  336  336  336  336  336  339  339  339  339  339  339  339  364  364  364  364  364  364  364  370  370  370  370  370  370  370  376  376  376  376  376  376  376  376  376  379  379  379  379  379  379  400  400  400  400  400  400  400  406  406  406  406  406  406  406  412  412  412  412  412  412  412  413  413  413  413  413  413  413  419  419  419  419  419  419  440  440  440  440  440  440  440  446  446  446  446  446  446  446  452  452  452  452  452  452  452  452  452  455  455  455  455  455  455  463  463  463  463  476  476  476  476  476  476  476  482  482  482  483  483  483  483  488  488  488  489  489  489  489  489  489  489  495  495  495  495  495  495  503  503  503  503  516  516  516  516  516  516  516  522  522  522  522  522  522  522  528  528  528  528  528  528  528  528  528  531  531  531  531  531  531  539  539  539  539  539  539  539  546  546  546  546  546  546  546  559  559  559  559  559  559  559  565  565  565  565  565  565  565  571  571  571  571  571  571  579  579  579  579  579  579  579  585  585  585  585  585  585  585  591  591  591  591  591  591  591  591  591  595  595  595  595  595  595  599  601  601  601  601  601  601  609  609  609  609  609  609  609  622  622  622  622  622  622  622  628  628  628  628  628  628  628  634  634  634  634  634  634  639  639  639  639  639  639  639  645  645  645  646  646  646  646  651  651  652  652  652  652  652  652  652  658  658  658  658  658  658  658  664  664  664  664  664  664  669  669  669  669  669  669  669  682  682  682  682  682  682  682  688  688  688  689  689  689  689  694  694  694  695  695  695  695  695  695  695  701  701  701  701  701  701  706  706  706  706  706  706  712  712  712  712  712  712  712  718  718  718  719  719  719  719  724  724  724  725  725  725  725  725  725  725  731  731  731  731  731  731  736  736  736  736  736  736  736  749  749  749  749  749  749  749  755  755  755  755  755  755  755  761  761  761  761  761  761  761  761  761  761  761  761  761  761  761  761  761  761  761  761  761  761  779  779  779  779  779  779  779  785  785  785  785  785  785  785  791  791  791  791  791  791  791  791  791  791  791  791  791  791  791  791  791  792  792  792  792  792  792  792  798  798  798  798  798  798  798  804  804  804  804  804  804  804  804  804  804  804  804  804  804  804  804  804  804  804  812  812  812  822  822  822  822  822  822  822  828  828  828  828  828  828  828  834  834  834  834  834  834  834  834  834  834  834  834  834  834  834  834  834  834  834  834  834  834  834  834  834  834  834  834  837  837  837  837  837  837  837  837  837  837  837  837  837  837  837  837  837  837  837  837  837  837  855  855  855  855  855  855  855  861  861  861  861  861  861  861  867  867  867  867  867  867  867  867  867  867  867  867  867  867  867  867  867  867  867  867  867  867  867  867  867  867  867  867  867  867  867  867  867  867  867  867  867  867  867  867  867  867  867  867  867  867  867  867  867  867  867  867  867  867  867  867  867  867  867  867  867  867  867  867  867  867  867  867  867  867  867  867  867  867  867  867  867  867  867  867  867  867  867  867  867  867  867  867  867  867  867  867  867  867  867  867  867  867  867  867  867  867  867  867  867  867  867  867  867  867  867  867  867  867  867  867  867  867  867  867 
  18    0   64   64   64  110  138  138  138  184  184  184  184  184  184  184  190  190  190  190  190  190  190  196  196  196  196  196  196  196  196  196  196  196  196  196  196  196  196  196  196  196  230  230  230  230  230  230  230  236  236  236  257  257  257  257  257  257  257  263  263  263  263  263  263  263  269  269  269  269  269  269  269  269  269  269  270  270  270  270  270  270  270  276  276  303  303  303  303  303  303  303  309  309  309  324  324  324  324  324  324  324  330  330  330  330  330  330  330  336  336  336  336  336  336  336  336  336  336  343  343  343  343  343  343  343  349  349  370  370  370  370  370  370  370  376  376  376  376  376  376  376  382  382  382  382  382  382  382  382  382  382  382  382  382  385  385  385  400  400  400  400  410  410  410  410  410  410  410  416  416  416  416  416  416  416  422  422  422  422  422  422  422  422  422  425  425  425  425  425  425  446  446  446  446  446  446  446  452  452  452  452  452  452  452  458  458  458  458  458  458  458  459  459  459  459  459  459  459  465  465  465  465  465  465  486  486  486  486  486  486  486  492  492  492  492  492  492  492  498  498  498  498  498  498  498  498  498  501  501  501  501  501  501  509  509  509  509  522  522  522  522  522  522  522  528  528  528  529  529  529  529  534  534  534  535  535  535  535  535  535  535  541  541  541  541  541  541  549  549  549  549  562  562  562  562  562  562  562  568  568  568  568  568  568  568  574  574  574  574  574  574  574  574  574  577  577  577  577  577  577  585  585  585  585  585  585  585  592  592  592  592  592  592  592  605  605  605  605  605  605  605  611  611  611  611  611  611  611  617  617  617  617  617  617  625  625  625  625  625  625  625  631  631  631  631  631  631  631  637  637  637  637  637  637  637  637  637  641  641  641  641  641  641  645  647  647  647  647  647  647  655  655  655  655  655  655  655  668  668  668  668  668  668  668  674  674  674  674  674  674  674  680  680  680  680  680  680  685  685  685  685  685  685  685  691  691  691  692  692  692  692  697  697  698  698  698  698  698  698  698  704  704  704  704  704  704  704  710  710  710  710  710  710  715  715  715  715  715  715  715  728  728  728  728  728  728  728  734  734  734  735  735  735  735  740  740  740  741  741  741  741  741  741  741  747  747  747  747  747  747  752  752  752  752  752  752  758  758  758  758  758  758  758  764  764  764  765  765  765  765  770  770  770  771  771  771  771  771  771  771  777  777  777  777  777  777  782  782  782  782  782  782  782  795  795  795  795  795  795  795  801  801  801  801  801  801  801  807  807  807  807  807  807  807  807  807  807  807  807  807  807  807  807  807  807  807  807  807  807  825  825  825  825  825  825  825  831  831  831  831  831  831  831  837  837  837  837  837  837  837  837  837  837  837  837  837  837  837  837  837  838  838  838  838  838  838  838  844  844  844  844  844  844  844  850  850  850  850  850  850  850  850  850  850  850  850  850  850  850  850  850  850  850  858  858  858  868  868  868  868  868  868  868  874  874  874  874  874  874  874  880  880  880  880  880  880  880  880  880  880  880  880  880  880  880  880  880  880  880  880  880  880  880  880  880  880  880  880  883  883  883  883  883  883  883  883  883  883  883  883  883  883  883  883  883  883  883  883  883  883  901  901  901  901  901  901  901  907  907  907  907  907  907  907  913  913  913  913  913  913  913  913  913  913  913  913  913  913  913  913  913  913  913  913  913  913  913  913  913  913  913  913  913  913  913  913  913  913  913  913  913  913  913  913  913  913  913  913  913  913  913  913  913  913  913  913  913  913  913  913  913  913  913  913  913  913  913  913  913  913  913  913  913  913  913  913  913  913  913  913  913  913  913  913  913  913  913  913  913  913  913 
  19    0   64   64   64  110  138  138  138  184  184  184  184  184  184  184  190  190  190  190  190  190  190  196  196  196  196  196  196  196  196  196  196  196  196  196  196  196  196  196  196  196  230  230  230  230  230  230  230  236  236  236  257  257  257  257  257  257  257  263  263  263  263  263  263  263  269  269  269  269  269  269  269  269  269  269  270  270  270  270  270  270  270  276  276  303  303  303  303  303  303  303  309  309  309  324  324  324  324  324  324  324  330  330  330  330  330  330  330  336  336  336  336  336  336  336  336  336  336  343  343  343  343  343  343  343  349  349  370  370  370  370  370  370  370  376  376  376  376  376  376  376  382  382  382  382  382  382  382  382  382  382  382  382  382  385  385  385  400  400  400  400  410  410  410  410  410  410  410  416  416  416  416  416  416  416  422  422  422  422  422  422  422  422  422  425  425  425  425  425  425  446  446  446  446  446  446  446  452  452  452  452  452  452  452  458  458  458  458  458  458  458  459  459  459  459  459  459  459  465  465  465  465  465  465  486  486  486  486  486  486  486  492  492  492  492  492  492  492  498  498  498  498  498  498  498  498  498  501  501  501  501  501  501  509  509  509  509  522  522  522  522  522  522  522  528  528  528  529  529  529  529  534  534  534  535  535  535  535  535  535  535  541  541  541  541  541  541  549  549  549  549  562  562  562  562  562  562  562  568  568  568  568  568  568  568  574  574  574  574  574  574  574  574  574  577  577  577  577  577  577  585  585  585  585  585  585  585  592  592  592  592  592  592  592  605  605  605  605  605  605  605  611  611  611  611  611  611  611  617  617  617  617  617  617  625  625  625  625  625  625  625  631  631  631  631  631  631  631  637  637  637  637  637  637  637  637  637  641  641  641  641  641  641  645  647  647  647  647  647  647  655  655  655  655  655  655  655  668  668  668  668  668  668  668  674  674  674  674  674  674  674  680  680  680  680  680  680  685  685  685  685  685  685  685  691  691  691  692  692  692  692  697  697  698  698  698  698  698  698  698  704  704  704  704  704  704  704  710  710  710  710  710  710  715  715  715  715  715  715  715  728  728  728  728  728  728  728  734  734  734  735  735  735  735  740  740  740  741  741  741  741  741  741  741  747  747  747  747  747  747  752  752  752  752  752  752  758  758  758  758  758  758  758  764  764  764  765  765  765  765  770  770  770  771  771  771  771  771  771  771  777  777  777  777  777  777  782  782  782  782  782  782  782  795  795  795  795  795  795  795  801  801  801  801  801  801  801  807  807  807  807  807  807  807  807  807  807  807  807  807  807  807  807  807  807  807  807  807  807  825  825  825  825  825  825  825  831  831  831  831  831  831  831  837  837  837  837  837  837  837  837  837  837  837  837  837  837  837  837  842  842  842  842  842  842  842  848  848  848  848  848  848  848  854  854  854  854  854  854  854  854  854  854  854  854  854  854  854  854  854  854  854  854  858  858  872  872  872  872  872  872  872  878  878  878  878  878  878  878  884  884  884  884  884  884  884  884  884  884  884  884  884  884  884  884  884  885  885  885  885  885  885  885  891  891  891  891  891  891  891  897  897  897  897  897  897  897  897  897  897  897  897  897  897  897  897  897  897  897  905  905  905  915  915  915  915  915  915  915  921  921  921  921  921  921  921  927  927  927  927  927  927  927  927  927  927  927  927  927  927  927  927  927  927  927  927  927  927  927  927  927  927  927  927  930  930  930  930  930  930  930  930  930  930  930  930  930  930  930  930  930  930  930  930  930  930  948  948  948  948  948  948  948  954  954  954  954  954  954  954  960  960  960  960  960  960  960  960  960  960  960  960  960  960  960  960  960  960  960  960  960 
  20    0  140  140  140  186  214  214  214  260  260  260  260  260  260  260  266  266  266  266  266  266  266  272  272  272  272  272  272  272  272  272  272  272  272  272  272  272  272  272  272  272  306  306  306  306  306  306  306  312  312  312  333  333  333  333  333  333  333  339  339  339  339  339  339  339  345  345  345  345  345  345  345  345  345  345  346  346  346  346  346  346  346  352  352  379  379  379  379  379  379  379  385  385  385  400  400  400  400  400  400  400  406  406  406  406  406  406  406  412  412  412  412  412  412  412  412  412  412  419  419  419  419  419  419  419  425  425  446  446  446  446  446  446  446  452  452  452  452  452  452  452  458  458  458  458  458  458  458  458  458  458  458  458  458  461  461  461  476  476  476  476  486  486  486  486  486  486  486  492  492  492  492  492  492  492  498  498  498  498  498  498  498  498  498  501  501  501  501  501  501  522  522  522  522  522  522  522  528  528  528  528  528  528  528  534  534  534  534  534  534  534  535  535  535  535  535  535  535  541  541  541  541  541  541  562  562  562  562  562  562  562  568  568  568  568  568  568  568  574  574  574  574  574  574  574  574  574  577  577  577  577  577  577  585  585  585  585  598  598  598  598  598  598  598  604  604  604  605  605  605  605  610  610  610  611  611  611  611  611  611  611  617  617  617  617  617  617  625  625  625  625  638  638  638  638  638  638  638  644  644  644  644  644  644  644  650  650  650  650  650  650  650  650  650  653  653  653  653  653  653  661  661  661  661  661  661  661  668  668  668  668  668  668  668  681  681  681  681  681  681  681  687  687  687  687  687  687  687  693  693  693  693  693  693  701  701  701  701  701  701  701  707  707  707  707  707  707  707  713  713  713  713  713  713  713  713  713  717  717  717  717  717  717  721  723  723  723  723  723  723  731  731  731  731  731  731  731  744  744  744  744  744  744  744  750  750  750  750  750  750  750  756  756  756  756  756  756  761  761  761  761  761  761  761  767  767  767  768  768  768  768  773  773  774  774  774  774  774  774  774  780  780  780  780  780  780  780  786  786  786  786  786  786  791  791  791  791  791  791  791  804  804  804  804  804  804  804  810  810  810  811  811  811  811  816  816  816  817  817  817  817  817  817  817  823  823  823  823  823  823  828  828  828  828  828  828  834  834  834  834  834  834  834  840  840  840  841  841  841  841  846  846  846  847  847  847  847  847  847  847  853  853  853  853  853  853  858  858  858  858  858  858  858  871  871  871  871  871  871  871  877  877  877  877  877  877  877  883  883  883  883  883  883  883  883  883  883  883  883  883  883  883  883  883  883  883  883  883  883  901  901  901  901  901  901  901  907  907  907  907  907  907  907  913  913  913  913  913  913  913  913  913  913  913  913  913  913  913  913  918  918  918  918  918  918  918  924  924  924  924  924  924  924  930  930  930  930  930  930  930  930  930  930  930  930  930  930  930  930  930  930  930  930  934  934  948  948  948  948  948  948  948  954  954  954  954  954  954  954  960  960  960  960  960  960  960  960  960  960  960  960  960  960  960  960  960  961  961  961  961  961  961  961  967  967  967  967  967  967  967  973  973  973  973  973  973  973  973  973  973  973  973  973  973  973  973  973  973  973  981  981  981  991  991  991  991  991  991  991  997  997  997  997  997  997  997 1003 1003 1003 1003 1003 1003 1003 1003 1003 1003 1003 1003 1003 1003 1003 1003 1003 1003 1003 1003 1003 1003 1003 1003 1003 1003 1003 1003 1006 1006 1006 1006 1006 1006 1006 1006 1006 1006 1006 1006 1006 1006 1006 1006 1006 1006 1006 1006 1006 1006 1024 1024 1024 1024 1024 1024 1024 1030 1030 1030 1030 1030 1030 1030 1036 1036 1036 1036 1036 1036 1036 1036 1036 1036 1036 1036 1036 1036 1036 1036 1036 1036 1036 1036 1036 
