252
550
201
520
221
51
502
520
515
201
212
22
510
12
521
5
15
150
122
215
25
512
152
111
521
210
120
501
10
12
210
501
521
55
22
505
515
222
52
505
221
222
101
22
252
500
51
212
15
522
11
25
111
551
211
522
502
200
10
210
5
101
152
502
521
101
10
252
251
255
202
15
2
100
100
102
102
20
121
510
252
500
110
511
25
210
502
250
500
52
5
212
501
5
210
55
5
521
511
221
255
20
51
221
151
102
5
122
2
11
152
225
255
555
125
221
205
155
252
112
510
225
201
111
11
200
11
255
0
222
2
21
555
150
220
212
525
522
111
202
2
505
120
1
105
511
510
105
0
12
102
105
550
52
2
120
20
25
121
15
520
25
550
155
10
225
200
0
512
111
122
215
151
52
111
21
110
515
15
205
100
211
50
505
122
210
15
225
51
220
120
52
525
15
151
555
121
512
1
222
222
155
215
511
215
10
0
201
222
152
500
502
52
201
525
5
105
250
522
0
521
555
111
50
50
22
55
202
0
151
215
251
55
252
202
512
510
521
555
105
202
5
15
25
500
10
11
210
150
120
252
251
12
211
5
205
51
21
222
151
201
115
211
251
101
212
505
125
125
12
12
552
151
525
210
255
210
121
11
51
25
155
510
255
200
510
211
101
515
221
200
521
101
111
0
121
122
125
10
520
511
0
152
221
101
122
505
100
15
200
155
101
12
200
12
222
205
105
100
521
555
201
21
2
150
225
201
122
551
0
52
101
210
255
505
250
225
501
550
50
202
551
50
52
222
551
10
52
11
521
501
511
55
152
111
512
100
105
25
112
515
125
520
252
550
1
510
100
500
11
555
25
125
151
52
0
212
551
552
250
500
551
255
515
220
55
555
100
210
52
510
252
202
255
552
550
100
52
120
0
0
101
510
221
502
115
552
120
505
110
200
122
122
10
251
20
120
555
12
222
151
252
100
111
202
25
510
20
521
201
50
151
211
522
221
525
512
515
110
25
551
125
222
152
102
100
202
505
10
20
520
550
111
211
550
125
205
501
212
51
205
150
222
122
112
205
122
550
11
220
101
222
112
200
50
225
552
122
520
221
512
112
20
102
0
11
1
251
221
122
252
551
112
102
150
121
2
215
550
510
515
520
250
22
1
500
55
211
250
52
0
1
122
525
221
52
211
122
12
152
20
251
125
501
101
55
521
10
501
200
105
525
221
12
212
505
225
20
252
100
551
110
552
201
220
222
211
250
51
20
155
50
5
521
512
120
102
121
210
510
150
225
202
515
512
12
20
112
552
200
5
515
505
120
51
525
555
5
251
520
25
515
25
152
2
221
521
522
555
511
212
200
520
225
221
252
112
25
511
152
152
215
55
120
520
51
105
0
225
51
215
521
252
512
2
225
10
120
225
115
1
20
520
11
555
502
515
55
515
122
552
201
55
112
501
525
22
101
105
125
550
1
25
550
111
525
100
505
50
115
20
500
201
500
120
2
221
21
512
52
212
215
222
525
211
120
501
102
501
125
111
111
22
2
105
100
552
252
2
515
252
252
521
112
211
550
0
555
555
251
200
551
525
102
102
515
552
210
100
550
551
12
5
11
252
215
225
522
525
102
2
0
205
250
212
521
21
120
555
21
200
151
251
201
110
52
100
211
151
512
500
551
550
101
202
205
1
555
115
502
20
200
522
251
211
12
222
525
155
211
222
551
500
222
125
22
510
250
205
115
255
211
555
221
220
155
125
112
500
100
55
510
521
510
151
511
222
225
155
2
50
51
12
521
211
5
252
502
512
20
501
15
522
522
5
251
111
0
521
511
251
205
255
212
210
515
500
202
500
220
115
20
5
225
15
522
112
525
100
10
100
125
501
111
2
202
21
151
5
125
205
552
552
105
505
10
521
555
22
500
551
121
10
521
50
2
50
10
502
222
201
552
220
502
25
255
215
112
251
501
0
110
202
122
202
212
515
112
101
251
212
110
101
155
150
501
555
110
251
552
100
205
225
52
5
101
250
505
151
5
152
20
151
25
215
52
110
21
505
522
502
121
21
515
120
225
105
121
25
51
120
215
522
11
512
511
15
15
2
551
20
551
122
102
200
510
200
522
525
550
221
11
220
250
502
252
12
500
255
521
51
522
212
55
22
5
552
101
211
0
525
205
511
125
211
51
502
522
105
221
105
550
1
121
552
521
515
502
205
205
210
10
11
501
111
252
151
220
510
222
102
11
112
525
22
525
20
112
515
115
255
212
120
225
521
202
21
520
255
251
